100
2 3 2
1 1 1
2 1 2
3 2 3
14 5 14
17 2 17
74 6 74
17 11 17
96 9 96
3 37 3
58 6 58
3 4 3
95 4 95
2 20 2
38 1 38
4 3 4
3 16 3
1 85 1
56 8 56
4 4 4
53 1 53
38 6 38
3 3 3
89 6 89
85 4 85
33 10 33
19 12 19
45 1 45
9 4 9
2 4 2
80 2 80
11 10 11
17 14 17
2 2 2
100 4 100
8 16 8
80 8 80
2 59 2
6 19 6
2 51 2
5 3 5
17 1 17
57 3 57
61 5 61
2 26 2
10 18 10
46 10 46
77 9 77
100 3 100
94 8 94
57 5 57
5 2 5
1 57 1
78 8 78
27 10 27
1 45 1
43 2 43
26 4 26
10 9 10
1 2 1
60 3 60
6 3 6
77 2 77
96 1 96
40 2 40
37 3 37
81 7 81
23 1 23
27 5 27
63 2 63
100 1 100
28 7 28
4 1 4
1 4 1
1 100 1
9 2 9
23 7 23
1 14 1
98 4 98
31 1 31
75 9 75
56 10 56
28 8 28
15 2 15
7 8 7
63 4 63
4 29 4
46 2 46
72 7 72
40 6 40
1 3 1
3 1 3
14 7 14
21 13 21
100 2 100
4 2 4
10 5 10
100 9 100
34 3 34
100 8 100
